0.00
0.00
0.00
0.00
0.00
0.00
0.00
0.00
0.00
0.00
-1.00
-3.00
-5.20
-6.00
-6.20
-6.80
-7.30
-15.00
-8.00
-9.00
-10.00
-10.00
-10.00
-10.00
-10.00
-10.00
-9.00
-8.00
-7.00
-6.00
-5.00
-4.00
-3.00
-2.00
-1.00
0.00
0.00
0.00
0.00
0.00
0.00
0.00
0.00
0.00
0.00
0.00
0.00
0.00
0.00
0.00
0.00
0.00
0.00
0.00
0.00
-10.00
-10.00
-10.00
-10.00
-10.00
-2.00
-3.00
-4.00
-5.00
-6.00
0.00
0.00
0.00
0.00
0.00
0.00
0.00
0.00
0.00
0.00
0.00
0.00
0.00
0.00
0.00
